1.41573 1.49444 1.02259 -0.0195277 -0.679865 -1.74475 1.30662 0.668748 0.0927993 -0.191505
-0.733399 -0.773718 0.99767 -0.792786 0.170175 0.290864 1.3504 0.79383 -0.557542 -0.463607
-0.0113497 0.338319 -0.216164 0.0866278 -0.131113 0.913209 -0.687986 0.164032 -1.19248 1.06332
0.0596056 0.689831 0.122134 -0.972294 0.504203 1.93718 2.08219 -0.179437 -0.801372 0.11571
-0.409333 0.251096 -0.681216 0.210228 -1.96454 -1.01128 -0.447767 -1.66254 0.809178 0.920437
-0.932407 -0.139616 -0.132758 0.260174 2.64316 -1.0643 0.0388558 -0.232919 -1.22304 0.803042
0.0915022 1.15276 -0.997187 -0.619269 -0.223086 -1.02647 -0.507201 -0.424466 1.46063 1.31827
0.658084 -0.0851751 -0.969406 -1.02936 -0.353624 -0.980576 -0.0177757 0.354262 -1.13112 1.50863
1.39128 1.92297 -1.22124 1.65081 -0.322084 -0.735105 0.257765 1.10553 0.36189 -0.584157
-1.95314 -0.157515 0.788829 0.218755 1.22052 -0.0224968 0.171458 0.415493 1.9421 0.353623
-0.622117 1.34381 1.04304 0.210943 -0.0559657 -1.29089 -0.232827 -0.911568 1.65671 0.534897
-0.301756 1.89968 -0.355459 0.9322 -0.0618124 1.89533 0.118093 1.6428 -0.33797 -1.76598
-1.25378 -1.55619 -0.882282 1.27561 -0.878486 0.11752 -0.587977 1.26806 -2.41685 -0.0804784
-0.763289 -0.160815 0.00206262 0.533219 -0.572561 -0.0658946 -0.571338 0.295136 -0.254736 0.521952
-0.947075 0.0232805 2.17339 -0.629259 -0.864016 0.340247 -2.16925 -1.98705 -1.20062 -0.805714
-0.748408 0.527196 1.90427 0.517188 1.07399 0.135324 -0.261484 -0.859853 -0.635871 0.424186
-2.13487 -0.350833 -1.51705 1.023 0.169989 -0.266249 -0.588499 -0.321111 0.69371 -1.73823
0.227083 -2.53192 -0.228552 -0.188727 -0.320484 1.71946 2.84571 0.788731 -1.02707 0.278217
-0.432662 -2.66555 1.35585 1.42619 -0.178052 -0.229294 -1.23771 -1.12285 -0.289525 0.81486
1.53998 1.30435 -0.0984839 -1.335 0.867421 -1.07204 -0.0788894 3.16328 -0.190088 1.5492
0.634861 -0.307339 1.44421 0.596873 -1.23691 0.568333 -1.66491 -2.41957 -0.885526 -0.359748
-1.39375 -1.48752 -0.287788 -0.149734 0.466863 -0.531751 -1.38743 -0.181063 -0.748884 -1.72688
0.0915947 -0.0922671 0.385353 -0.0465843 1.30665 -0.385059 0.111876 -0.158708 0.931785 0.338898
-0.549728 1.24703 0.17886 -0.00825536 0.0371869 -0.927536 -1.21796 -0.712953 -0.732907 -0.236344
0.926539 1.70842 2.92051 -2.03713 -0.720018 0.455346 0.267464 -0.0811311 1.13849 -0.513568
-0.0265803 -0.5136 0.888955 1.16868 -0.763815 -0.169891 -0.447868 0.476188 -0.466644 -1.402
-0.789604 -0.00397135 -1.05268 -1.12066 0.855297 0.309058 -0.55374 -0.674054 0.879868 -0.619697
0.515007 -1.81186 -0.620738 0.0312395 0.13215 -0.0292943 -2.1409 -2.06687 -0.329972 1.50056
-0.0106448 0.625737 0.47862 0.951777 1.15512 -0.639025 -1.4555 0.0183212 -0.517406 0.922082
-0.115009 -0.568864 -1.67033 -0.222851 -0.705276 1.56438 0.111192 0.263154 0.106063 0.960229
1.80417 0.461227 -1.88048 -0.71066 -0.267067 0.0634199 0.462349 0.0283284 -0.633379 0.141641
-0.467267 0.819113 -0.842651 0.367554 -0.566721 1.1698 -0.587018 0.636835 -0.366624 -0.000785795
-0.530023 1.03884 -0.284762 0.781717 -0.523739 -1.25052 0.164328 0.093164 -0.0163097 -0.406575
-1.3671 -0.844856 1.27244 -0.295936 0.538978 -0.415469 1.34438 0.705144 -1.16639 0.849606
-0.40988 0.595735 -0.165213 -0.974007 -0.380229 -0.341378 1.50078 -2.00628 -1.69266 0.225538
0.733417 -1.47696 0.494346 0.0146464 1.50576 -0.41465 -1.36255 -1.304 0.621624 -0.991682
-2.05252 -0.860139 0.033983 1.56517 -0.413764 1.46529 -0.381609 0.373278 0.693974 0.126132
-0.18821 -0.571737 -0.491772 1.2953 -0.744427 -0.0184126 1.54403 -0.46878 -0.605884 0.895332
-1.34847 -2.44264 1.34923 0.868132 0.721953 0.329858 -0.5804 1.22486 0.76588 -0.87283
1.48823 0.0148559 -1.25431 0.743701 1.86631 -1.1647 -0.191189 -0.797571 0.577897 -0.036982
1.17407 0.0820589 -0.200694 -0.0571118 1.0974 -0.548387 0.167034 0.414547 -0.871471 0.74429
0.260973 -0.352553 -0.491831 -0.640436 0.765692 1.02949 -0.963353 -0.495757 0.64766 -1.95825
1.30836 0.685302 0.532547 0.446519 -1.08106 1.31452 -0.428294 -1.1377 1.67471 1.20749
-0.720852 -0.660581 1.39921 1.29864 -0.0827818 1.01008 0.0200668 -0.202888 -0.660819 1.56133
0.97682 -1.2795 0.730679 -0.470397 1.16764 -1.17289 -0.208251 0.0268242 1.69656 2.53693
-0.65119 0.428037 1.48126 -0.317075 -0.440102 2.28709 1.20818 -1.02377 1.4433 -0.757702
0.249659 -1.10866 0.841853 -1.49575 1.56581 0.88314 -0.480671 -0.549711 2.92628 0.798192
-0.258413 1.38596 -0.324784 2.04748 0.0634514 -0.257437 -0.470111 -1.16104 -0.78701 0.327525
-0.109315 -0.268024 0.190687 -0.0151482 -1.13544 0.722282 0.782764 0.862428 -0.227064 -0.271078
0.639038 0.529905 1.09541 -1.14768 0.33559 -0.797035 -1.31837 0.742756 -0.64419 0.512049
-1.23642 0.113986 -1.35947 -0.772755 -0.968453 -1.22732 0.0336123 -0.938057 -0.748689 1.91383
-0.308911 -0.974686 0.614948 0.921601 -1.34161 0.122111 -1.79062 0.631572 -0.159404 2.22051
0.397246 1.56776 -0.25179 -1.03776 0.82262 -1.21195 1.6249 -0.218598 1.25699 0.216977
-0.587494 0.684634 0.823559 0.92168 1.25311 0.0578825 -0.173889 -0.981128 -0.599079 -0.239849
0.153369 0.0336326 0.660713 0.668277 0.840785 1.58157 -0.451836 0.339643 -1.17365 2.27143
-0.35508 0.316405 0.373033 -1.29634 -0.362309 -0.978548 -1.42149 -0.219576 1.39951 -0.210162
1.50188 0.687237 1.34701 0.0730211 -0.613979 -0.689497 -0.181651 0.815701 0.745807 -0.557712
0.723958 0.15636 -1.54337 -0.92123 -0.900974 0.306518 -0.810902 -0.524324 0.411113 -1.13547
2.8596 -2.71957 0.6296 0.228578 -0.901869 -1.02225 -0.619016 0.930916 1.24531 -0.45958
-0.81717 0.326611 -1.42953 1.66758 -1.10138 -0.485181 1.44091 -0.278842 -0.734865 -0.384013
0.79603 -0.399746 0.556694 0.909719 -0.947624 0.662248 -0.117472 0.269044 0.624586 -0.688741
2.0679 0.193606 0.113447 1.38416 -0.293885 1.20296 -1.07359 0.303116 -0.96271 0.231992
0.453083 0.609779 1.14239 0.551509 0.587978 0.447297 -0.0330576 0.323382 0.346391 -0.0585233
-0.881322 1.3123 0.252388 0.519469 0.72609 -2.07753 -0.512094 0.166118 -0.51691 -0.138907
-0.963011 -0.598269 -1.62464 0.157611 -0.418957 -0.0538985 0.810288 -0.0174922 -1.55462 -0.954681
-0.241033 1.12677 -1.84014 0.198838 -1.40268 0.83465 1.43662 0.121128 -0.484895 0.56538
1.23301 0.357279 0.445992 -2.14762 -1.35154 0.751364 -0.924107 1.2966 -0.991115 0.592847
0.772112 0.804887 0.0391172 1.56755 1.70352 -0.0910475 0.567168 0.818987 -0.123487 0.908111
-2.12111 0.952721 -0.457517 0.568535 0.860307 -2.33881 0.306907 -0.873289 1.45351 1.22204
-0.716104 0.71924 -0.300243 -0.646407 -1.17736 0.00772427 1.13465 1.4798 0.0673931 -0.414063
-0.105501 -0.833324 -0.513259 -1.77866 0.87521 0.408486 -0.406463 0.162419 -0.746847 -1.69571
-1.41926 0.0370099 -0.191838 0.0109883 1.48387 -0.0606646 0.80158 -0.614014 -0.77919 0.876964
0.807854 0.379321 -0.915168 -1.22698 -0.3751 0.107166 -1.75474 0.0207212 0.103265 0.0884369
-2.50163 -0.891939 -1.75256 1.94289 -1.48693 0.621288 1.54505 -0.583964 1.37782 1.19651
0.237075 -0.526979 -0.331907 -1.88482 -1.52094 -0.656169 1.17184 0.389747 -0.580017 -1.15863
-0.346431 0.175485 1.16042 0.910828 -0.599507 1.19164 -0.346692 -0.778349 0.62965 0.364587
-0.398893 0.771451 1.83563 0.263474 -0.594261 0.67426 -1.84716 -0.350709 0.847969 -0.112708
-0.0775242 0.685752 0.0889278 1.31708 -0.470907 -1.35432 0.65933 1.28551 -0.336292 -0.197643
0.28798 -0.963546 -0.0420848 -0.171819 0.0477067 1.18534 0.253341 1.0297 1.34846 1.10114
0.419101 -0.833488 0.554531 -1.94648 2.93022 1.45159 -0.0803328 -0.694087 -0.372425 0.294359
-0.379691 1.34382 0.0591617 -2.68195 -0.423358 0.92214 0.302147 -0.799373 -0.120299 0.370236
-1.707 0.206763 -0.338602 1.23432 0.240079 -1.64158 -0.529109 1.47728 1.53726 -0.74386
-1.29121 -0.037372 -1.67077 -0.58112 -0.968346 -0.500255 0.372347 1.77549 -1.17178 1.33318
-1.62884 -0.201571 -1.13809 -1.61574 0.419047 0.817383 0.219053 -0.844338 0.669451 1.24427
0.908794 -1.23198 0.54839 0.0305514 1.53863 0.261835 -0.393211 -1.2122 -1.2968 -0.645168
-0.0824214 0.545151 -1.2524 0.087728 -0.782683 0.704738 -1.49702 2.72029 0.654746 0.824158
0.408208 -0.178888 0.719362 0.347643 -0.22351 2.30234 0.649634 0.220517 0.658491 0.738603
-1.44461 -0.305464 -1.13686 -1.03899 -2.91238 -0.501531 0.632205 0.217861 -0.100394 -0.195803
-0.374216 0.889037 -0.147769 -1.66982 -0.663695 -1.72369 -0.89655 0.0351206 0.488164 0.655434
0.530866 1.03782 0.104589 -0.800164 -0.833488 -0.0181449 -1.60389 1.34008 0.614042 -2.14725
-0.176696 1.39913 0.0188613 -0.414008 -0.635951 -0.462171 0.169092 -0.145156 0.983942 -0.0811634
-0.0159725 -0.444633 0.241088 0.381285 0.333941 0.658164 -0.306539 1.16119 1.31159 -0.0180787
-0.184744 0.590292 0.690774 -0.915326 0.248969 -0.751215 0.348395 -0.432305 -0.438887 -0.667906
1.14026 1.30037 -0.395677 0.87793 -1.02001 1.93408 -1.22149 0.499855 0.676767 0.208361
-0.739567 -1.16523 -0.220647 0.360082 -0.824045 -0.140504 -0.927251 -1.0655 1.62952 0.189647
0.611313 -0.776087 0.0646193 -0.995179 -0.37158 -0.458566 1.35175 0.284651 0.269874 1.1065
0.928293 -1.00857 -0.546808 -0.421958 1.04453 -0.298139 0.299955 1.02604 1.27556 2.62914
-1.27734 -1.33729 1.18321 -0.314492 -1.40909 0.689296 0.64739 0.0211569 2.07201 1.09774
0.0348592 0.0251659 -2.19693 0.101085 1.12815 -0.0553172 1.84909 1.26396 0.353106 -0.389254
0.211408 0.642509 1.0938 -1.07125 0.304737 -1.58026 -0.0412967 2.51975 -0.256553 0.865575
